alum-bronze 0.05141 (0.08632,0.06773,0.04985) (0.04132,0.02878,0.01924) (0.04891,0.03837,0.02734) 7
alumina-oxide 0.01110 (0.32102,0.29958,0.26360) (0.01088,0.00942,0.01239) (0.10898,0.10292,0.09678) 10
aluminium 0.02010 (0.04394,0.04812,0.05386) (0.10165,0.10119,0.10063) (0.05947,0.06408,0.06922) 9
aventurnine 0.01571 (0.05348,0.06101,0.05336) (0.00550,0.00507,0.00519) (0.01961,0.02227,0.02060) 10
beige-fabric 0.89326 (0.25678,0.18049,0.15096) (0,0,0) (0,0,0) 1*
black-fabric 0.84882 (0.01470,0.00860,0.00807) (0,0,0) (0,0,0) 1
black-obsidian 0.00912 (0.00062,0.00051,0.00057) (0.00656,0.00597,0.00566) (0.00079,0.00085,0.00099) 10
black-oxidized-steel 0.25704 (0.01791,0.01876,0.01891) (0.01213,0.00913,0.00758) (0.00570,0.00609,0.00632) 4
black-phenolic 0.02420 (0.00387,0.00376,0.00378) (0.01206,0.01199,0.01246) (0.00359,0.00371,0.00395) 8
black-soft-plastic 0.67448 (0.01799,0.01759,0.01769) (0,0,0) (0,0,0) 3*
blue-acrylic 0.01299 (0.01376,0.03695,0.10647) (0.00588,0.00527,0.00530) (0.00837,0.01570,0.03911) 10
blue-fabric 0.87220 (0.02380,0.02653,0.06031) (0,0,0) (0,0,0) 1
blue-metallic-paint 0.16292 (0.01161,0.00898,0.02265) (0.04727,0.04388,0.11780) (0.00373,0.00286,0.00722) 5
blue-metallic-paint2 0.01910 (0.01299,0.01830,0.03384) (0.03514,0.05185,0.09668) (0.01698,0.02493,0.04461) 9*
blue-rubber 0.78101 (0.04508,0.08392,0.16494) (0,0,0) (0,0,0) 2
brass 0.01420 (0.03262,0.02793,0.01833) (0.07927,0.05125,0.02613) (0.03882,0.03217,0.02033) 10
cherry-235 0.25173 (0.03167,0.01545,0.00902) (0.02441,0.01787,0.01673) (0.01015,0.00494,0.00289) 4
chrome-steel 0.00951 (0.01185,0.01120,0.01159) (0.08438,0.06849,0.07597) (0.02423,0.02449,0.02555) 10
chrome 0.00632 (0.00524,0.00485,0.00529) (0.06820,0.04738,0.06243) (0.00782,0.00780,0.00795) 10*
colonial-maple-223 0.48303 (0.05705,0.02318,0.01265) (0.04328,0.01846,0.01380) (0.01818,0.00739,0.00403) 3
color-changing-paint1 0.04118 (0.00629,0.00605,0.00887) (0.03286,0.02483,0.03890) (0.00478,0.00425,0.00665) 6
color-changing-paint2 0.05590 (0.01071,0.00957,0.01172) (0.06349,0.05861,0.05732) (0.00524,0.00437,0.00528) 6
color-changing-paint3 0.04878 (0.00700,0.00535,0.00512) (0.03431,0.02509,0.02894) (0.00453,0.00320,0.00328) 6
dark-blue-paint 0.57161 (0.02186,0.02363,0.05080) (0,0,0) (0,0,0) 3
dark-red-paint 0.86618 (0.26886,0.04104,0.01990) (0,0,0) (0,0,0) 1
dark-specular-fabric 0.74314 (0.02872,0.01597,0.01406) (0,0,0) (0,0,0) 2
delrin 0.89044 (0.32016,0.30973,0.27135) (0,0,0) (0,0,0) 1
fruitwood-241 0.08797 (0.05047,0.03616,0.02047) (0.01470,0.01357,0.01348) (0.01652,0.01201,0.00684) 5
gold-metallic-paint 0.12880 (0.08153,0.05189,0.01980) (0.14172,0.10873,0.03987) (0.02783,0.01726,0.00665) 5
gold-metallic-paint2 0.03975 (0.12921,0.11057,0.08749) (0.05872,0.05227,0.04509) (0.12246,0.10626,0.08630) 7
gold-metallic-paint3 0.01988 (0.08840,0.06536,0.03684) (0.12951,0.09898,0.05765) (0.10295,0.08043,0.04495) 9
gold-paint 0.20705 (0.14919,0.08321,0.03628) (0.12868,0.09524,0.04077) (0.04759,0.02653,0.01169) 4
gray-plastic 0.03577 (0.10406,0.10465,0.09407) (0.00878,0.00861,0.00897) (0.03658,0.03720,0.03277) 8
grease-covered-steel 0.01487 (0.01222,0.01269,0.01436) (0.06727,0.06207,0.05787) (0.01598,0.01745,0.01966) 9
green-acrylic 0.01715 (0.01709,0.07376,0.04070) (0.00624,0.00640,0.00694) (0.00875,0.02786,0.01577) 10
green-fabric 0.89421 (0.05045,0.04999,0.05848) (0,0,0) (0,0,0) 1
green-latex 0.82017 (0.10699,0.14553,0.07057) (0,0,0) (0,0,0) 1
green-metallic-paint 0.13367 (0.00638,0.02363,0.03134) (0.02315,0.08222,0.08744) (0.00207,0.00756,0.01002) 5
green-metallic-paint2 0.02127 (0.00693,0.02028,0.01037) (0.01665,0.03828,0.02164) (0.00802,0.02219,0.01159) 9
green-plastic 0.01214 (0.01382,0.08155,0.08843) (0.00587,0.00580,0.00532) (0.00683,0.02961,0.03123) 10
hematite 0.01749 (0.01427,0.01509,0.01599) (0.02224,0.02194,0.02372) (0.01727,0.01864,0.01973) 9
ipswich-pine-221 0.11472 (0.05417,0.02039,0.01001) (0.01154,0.01308,0.01157) (0.01741,0.00650,0.00320) 5
light-brown-fabric 0.88801 (0.04773,0.01964,0.01366) (0,0,0) (0,0,0) 1
light-red-paint 0.85524 (0.42303,0.05246,0.02230) (0,0,0) (0,0,0) 1
maroon-plastic 0.01434 (0.19884,0.03519,0.03378) (0.00652,0.00554,0.00540) (0.06922,0.01457,0.01592) 10
natural-209 0.19759 (0.08153,0.02961,0.01259) (0.01632,0.01339,0.01128) (0.02610,0.00946,0.00410) 4
neoprene-rubber 0.80066 (0.27355,0.23448,0.18884) (0,0,0) (0,0,0) 2*
nickel 0.04836 (0.01258,0.01111,0.01036) (0.20353,0.17943,0.15590) (0.00579,0.00510,0.00470) 6*
nylon 1.11140 (0.23774,0.24291,0.21445) (0,0,0) (0,0,0) 1
orange-paint 0.85484 (0.43145,0.14504,0.01769) (0,0,0) (0,0,0) 1
pearl-paint 0.20675 (0.19691,0.17353,0.15161) (0.11390,0.09728,0.05591) (0.06268,0.05524,0.04828) 4*
pickled-oak-260 0.47452 (0.07869,0.05921,0.05029) (0.08349,0.06434,0.05483) (0.02516,0.01891,0.01605) 3
pink-fabric 0.84957 (0.28713,0.22543,0.22259) (0,0,0) (0,0,0) 1
pink-fabric2 0.87134 (0.29659,0.09860,0.08262) (0,0,0) (0,0,0) 1
pink-felt 0.89722 (0.32276,0.23131,0.19760) (0,0,0) (0,0,0) 1
pink-jasper 0.02592 (0.21334,0.12947,0.10304) (0.01030,0.01039,0.00998) (0.07875,0.04915,0.03939) 8
pink-plastic 1.02911 (0.38046,0.09552,0.06916) (0,0,0) (0,0,0) 1
polyethylene 1.13884 (0.26375,0.27552,0.27723) (0,0,0) (0,0,0) 1
polyurethane-foam 1.00134 (0.08316,0.03447,0.02635) (0,0,0) (0,0,0) 1
pure-rubber 0.86942 (0.30315,0.26768,0.22239) (0,0,0) (0,0,0) 1
purple-paint 0.06753 (0.29075,0.03259,0.03724) (0.01284,0.01177,0.01265) (0.09552,0.01064,0.01226) 6
pvc 0.03747 (0.03218,0.03566,0.03984) (0.00870,0.00820,0.00787) (0.01164,0.01277,0.01442) 7
red-fabric 0.87529 (0.22751,0.03294,0.01492) (0,0,0) (0,0,0) 1
red-fabric2 0.95491 (0.14808,0.02096,0.00976) (0,0,0) (0,0,0) 1
red-metallic-paint 0.01799 (0.05102,0.00730,0.00382) (0.08835,0.01497,0.00921) (0.06995,0.01070,0.00611) 9
red-phenolic 0.03026 (0.16939,0.02636,0.01112) (0.01012,0.00991,0.01042) (0.05771,0.01043,0.00685) 8
red-plastic 0.95031 (0.28297,0.06128,0.02871) (0,0,0) (0,0,0) 1
red-specular-plastic 0.01305 (0.25353,0.03576,0.01523) (0.00620,0.00575,0.00537) (0.08817,0.01371,0.00710) 10
silicon-nitrade 0.01336 (0.00799,0.00778,0.00803) (0.01783,0.01569,0.01491) (0.00555,0.00535,0.00538) 10
silver-metallic-paint 0.11914 (0.04173,0.04372,0.04791) (0.21210,0.20513,0.19914) (0.01367,0.01435,0.01590) 5*
silver-metallic-paint2 0.12593 (0.12323,0.12700,0.12225) (0.20232,0.18487,0.17467) (0.04028,0.04173,0.03943) 5
silver-paint 0.20199 (0.15226,0.13082,0.11232) (0.14161,0.13881,0.14310) (0.04856,0.04178,0.03583) 4
special-walnut-224 0.18929 (0.01671,0.01347,0.01162) (0.01075,0.01024,0.01026) (0.00557,0.00459,0.00393) 5
specular-black-phenolic 0.01193 (0.00289,0.00311,0.00359) (0.00609,0.00577,0.00939) (0.00270,0.00300,0.00359) 10
specular-blue-phenolic 0.01102 (0.00528,0.01368,0.03203) (0.00712,0.00796,0.00653) (0.00328,0.00647,0.01334) 10
specular-green-phenolic 0.01062 (0.00705,0.02534,0.02219) (0.00755,0.00669,0.00803) (0.00343,0.00944,0.00849) 10
specular-maroon-phenolic 0.01037 (0.15558,0.02607,0.00787) (0.00759,0.00752,0.00708) (0.05193,0.00933,0.00460) 10
specular-orange-phenolic 0.01214 (0.33558,0.05319,0.00676) (0.00577,0.00516,0.00780) (0.11358,0.01917,0.00440) 10
specular-red-phenolic 0.01061 (0.31211,0.03406,0.00868) (0.00684,0.00635,0.00691) (0.10574,0.01202,0.00438) 10
specular-violet-phenolic 0.01008 (0.06928,0.01756,0.01995) (0.00728,0.00595,0.00684) (0.02387,0.00734,0.00820) 10
specular-white-phenolic 0.00972 (0.28187,0.23363,0.12518) (0.01068,0.00827,0.00888) (0.09504,0.08195,0.04405) 10
specular-yellow-phenolic 0.01091 (0.31773,0.13818,0.01486) (0.00842,0.00706,0.00610) (0.10854,0.04829,0.00679) 10
ss440 0.00814 (0.00790,0.00725,0.00716) (0.07096,0.07148,0.05871) (0.01305,0.01258,0.01190) 10
steel 0.00867 (0.01173,0.01131,0.01208) (0.08316,0.07438,0.06442) (0.01990,0.02009,0.02154) 10
teflon 0.88304 (0.34103,0.33592,0.33168) (0,0,0) (0,0,0) 1
tungsten-carbide 0.00658 (0.00619,0.00608,0.00669) (0.07586,0.05574,0.07088) (0.00707,0.00734,0.00835) 10
two-layer-gold 0.04478 (0.12342,0.10820,0.08606) (0.05938,0.05242,0.04726) (0.10809,0.09696,0.07841) 7*
two-layer-silver 0.04361 (0.14190,0.13961,0.14063) (0.06485,0.06222,0.05747) (0.11559,0.11303,0.11395) 7
violet-acrylic 0.03331 (0.07656,0.03178,0.05672) (0.01829,0.01498,0.01999) (0.05487,0.02766,0.05192) 8
violet-rubber 0.84784 (0.25690,0.06508,0.13005) (0,0,0) (0,0,0) 1
white-acrylic 0.02669 (0.32500,0.31102,0.27685) (0.00572,0.00537,0.00591) (0.11365,0.10991,0.10207) 8
white-diffuse-bball 0.81982 (0.34116,0.29459,0.19536) (0,0,0) (0,0,0) 2
white-fabric 0.89381 (0.33362,0.23446,0.15303) (0,0,0) (0,0,0) 1
white-fabric2 0.92225 (0.09937,0.09419,0.10552) (0,0,0) (0,0,0) 1
white-marble 0.02217 (0.23213,0.21947,0.19124) (0.01360,0.01285,0.01308) (0.08504,0.08236,0.07224) 8
white-paint 0.78051 (0.33511,0.32682,0.32200) (0,0,0) (0,0,0) 2
yellow-matte-plastic 0.05481 (0.29468,0.11386,0.02017) (0.00980,0.01070,0.00905) (0.09674,0.03731,0.00732) 7
yellow-paint 0.85596 (0.31960,0.21809,0.03801) (0,0,0) (0,0,0) 1
yellow-phenolic 0.01934 (0.30724,0.22701,0.10656) (0.00843,0.00836,0.00830) (0.10317,0.08033,0.03775) 8*
yellow-plastic 1.05166 (0.25305,0.22193,0.04303) (0,0,0) (0,0,0) 1